-1.505415 -0.392151
0.459053 -0.606528
2.340935 0.162171
-0.974868 0.241013
1.130717 -1.056220
-0.853691 1.752973
-1.369319 -1.260527
-1.362244 -0.525440
-1.180995 -1.314553
0.171264 1.463461
0.427805 -0.128399
-0.441855 2.214718
0.348607 0.004521
-0.277209 0.557876
-0.420061 -1.095173
-1.463869 0.958092
-0.348771 0.784622
0.537475 0.975271
-0.396109 -1.381404
-0.877008 1.308663
-0.306651 -0.597460
-0.904207 1.309175
0.511539 -1.533885
-0.940615 -1.533135
0.257862 -0.954434
-1.499357 -0.678819
-0.866440 -1.375094
1.520817 -0.545934
-1.151573 0.654105
2.622656 0.218340
1.679809 -0.411511
0.748539 -0.794737
-0.589359 2.003562
1.363530 0.143362
-0.032268 -1.624683
-0.187777 1.677253
-1.653164 0.957607
-0.984145 1.571793
-0.133818 -1.719134
-0.105841 1.747162
-0.673900 -1.261620
-0.710523 0.328086
-1.253521 -1.166733
1.388714 -0.908454
-1.368948 -0.236371
-0.712620 -1.020995
1.213154 -0.397008
0.591472 -1.312964
0.621963 0.204091
-0.751641 1.293548
-0.236669 0.894751
0.551687 0.259111
0.023669 -1.571429
-1.336332 -0.617395
-0.739723 -0.168848
-0.878659 -0.148338
1.599383 0.189759
2.187620 0.538849
0.258033 -0.763793
0.106690 1.361996
-1.085816 -0.072229
-0.807370 1.641012
-0.115499 -1.507825
-1.458209 0.880208
2.240967 0.419459
0.402256 -1.063367
0.251003 0.085104
2.281927 0.313514
-0.216057 2.106849
-1.102230 -0.020510
1.573156 -0.335430
0.451537 0.109066
0.302019 0.779663
-0.664901 1.094029
-0.014520 1.197077
0.421564 -0.970844
-0.524966 -0.839309
-1.004243 -1.355550
1.385421 0.116636
-0.233249 -1.437310
1.443130 -0.299713
0.110071 1.242465
0.753336 0.998674
0.551821 0.758363
-0.795351 -1.190674
0.276829 1.110787
-0.492353 1.340220
-0.460725 2.170713
-1.061101 -0.611305
-1.450319 -0.585281
-0.083052 1.510260
0.245772 -0.079989
-0.382487 -1.245165
-1.618785 -0.787997
0.950072 -1.375741
0.086207 0.589052
-1.271635 0.306063
-0.267916 0.845400
0.265008 0.167770
-0.609336 -0.115290
-0.614262 -0.277461
-0.411005 -1.162452
-1.365974 -0.343816
-0.455281 1.326424
0.279848 1.456886
-1.374687 0.351907
-0.189393 -1.282673
-0.310120 0.278999
0.429060 -1.196170
-0.075205 -1.683820
-0.348673 0.078494
0.546799 -1.377038
0.200857 -1.013536
0.086270 1.606531
1.113013 0.017674
1.299779 -0.208387
-0.046327 1.661560
1.174808 0.763177
1.213339 -0.997075
0.050314 0.058539
-1.059948 0.549955
-0.819104 -1.140884
-0.207933 0.888310
0.522118 -1.010944
0.745428 -1.491681
-0.598900 -1.373713
0.664570 0.743173
0.175761 0.027576
-0.979991 -1.243424
-0.037982 -0.759461
1.048702 -0.644504
-0.040350 -0.981365
-0.895366 -0.830037
-0.801247 -0.216468
0.951265 0.932764
0.141964 -1.155121
0.390025 -1.208392
-0.215329 0.978443
0.384180 1.574869
-1.119392 -1.293535
-0.887327 1.277018
0.945991 -0.762479
-1.256436 0.531795
-1.040463 0.071493
1.610775 -0.080487
-1.317464 0.006164
0.584175 0.779519
-1.642333 0.948603
-0.437334 -0.470384
-0.433911 -0.372020
1.365547 -0.683091
-0.862621 -0.165690
0.809782 -1.326920
-0.298948 1.046661
0.152906 0.007562
-0.594354 -0.230298
-1.187925 -0.981350
-0.379775 0.207386
2.623041 -0.025870
-1.423255 -1.054728
-0.182468 1.834851
-0.777415 1.590332
-0.179495 1.448228
-1.079981 -0.681232
-0.895219 -0.098547
-0.669838 -0.868873
1.394009 -0.229527
-0.479249 -1.456755
-1.414553 0.790231
-0.867367 -1.632030
-0.404896 2.159629
0.254909 -0.679422
-1.553106 -0.438068
-0.143257 -0.034297
-1.112051 0.102883
-0.719483 -1.058107
1.648377 0.246170
-0.601296 0.095036
0.206329 -0.613375
-0.510410 0.335935
0.147472 0.576263
-1.282377 -0.433288
0.918165 0.000726
-0.127546 1.719562
1.229254 0.112633
-0.510700 -1.532361
0.558471 -1.420212
1.377662 0.180647
-0.601258 1.627967
1.646251 0.089249
2.641243 0.081052
0.292393 -0.147648
0.925659 -0.206530
0.392477 -0.333156
-1.780697 -0.505960
1.037233 -0.514573
-1.510498 0.848001
-0.402098 -1.463400
-0.457588 -1.146730
0.443109 -1.127403
-1.510231 0.359278
1.215699 0.043815
1.015682 -0.249783
-1.021359 -0.265686
-0.565604 -0.784921
-1.263499 -0.606721
-0.869741 1.438704
-0.294867 1.523501
-0.365921 -0.047028
0.278717 1.326884
1.643181 -0.084786
0.980557 -0.444615
-0.627001 1.690783
0.482377 -0.166442
1.176720 -0.121076
0.021028 -1.680008
0.288984 -0.329444
-0.268797 0.762880
0.867336 -1.549832
-0.911211 -1.613253
-0.331238 -0.081732
0.750706 0.954086
-0.279402 -0.473691
-0.292959 1.318906
-0.933832 0.338048
0.181814 -0.767956
-0.409935 1.597594
0.880401 -1.099416
1.157747 0.779647
0.220480 -0.701589
-0.142797 -0.010512
-0.448434 0.703101
0.189174 1.580838
0.650399 0.872725
-0.952057 -1.657598
0.943440 -1.200295
-1.209260 -0.299868
1.096102 -0.610294
1.087197 0.039648
-0.255887 1.491054
-1.207805 -0.055736
-1.587077 -0.495682
0.760330 -0.187029
-1.319076 -0.533612
-1.569169 -0.560162
-0.171929 0.804988
-0.633188 2.014085
-1.076800 1.181957
0.770224 0.790125
-0.046384 1.570950
1.369720 0.261894
2.457613 0.137789
0.115684 -0.676839
-0.157482 1.704021
-0.840801 0.500614
-0.760087 -0.488204
-0.771315 1.300727
-0.979045 -1.631070
1.427335 0.318599
-1.296884 0.377222
-1.489769 -0.320242
-0.430546 -1.422412
-1.361207 0.751107
-1.654064 -0.808905
-0.172969 -0.940607
1.196789 -0.470702
-0.019004 -1.608022
1.846306 0.264075
0.708925 -0.645359
-0.601069 -1.621419
0.736308 0.119375
2.284328 0.415335
0.253702 0.073184
-0.162806 -1.582285
1.046081 -0.112508
0.632010 -0.233283
2.154010 0.481257
0.870991 -1.375962
1.455307 -0.566815
-0.697263 -1.353837
0.108739 0.080841
-1.125444 0.029939
-1.071317 0.154641
1.401751 -0.321405
1.283639 -0.534467
2.831441 -0.000915
0.317507 1.406123
2.402563 0.107562
-1.078422 0.748478
-1.381517 -0.733557
0.995357 -0.681394
0.062639 1.533683
2.251338 0.562923
-0.659318 1.257258
-1.237547 -0.941008
-0.416973 -0.502442
-0.869155 0.479214
-0.160130 -1.728913
-1.288952 -1.093113
2.603164 0.146884
0.781785 0.107105
0.181995 0.738190
-1.481087 -1.060903
0.439421 0.362711
1.623508 -0.044766
1.011574 -0.325221
0.877783 -1.318600
1.588913 -0.100561
-0.163191 1.536078
1.281417 -0.631458
-0.812074 0.947116
-1.647294 0.814432
-0.865353 1.646628
-0.823772 1.580062
-1.190593 -0.333733
0.216081 1.530236
0.169374 1.243009
2.212759 0.520821
-1.229162 -1.457026
0.397310 0.075337
2.243712 0.454107
1.716172 0.244845
-0.323157 0.855973
2.354007 0.271364
1.427362 0.131990
1.118339 0.326070
-1.021005 -1.513427
-0.786003 0.323891
0.127096 -0.944661
-0.324840 -1.565797
0.666563 -1.312519
-0.823673 -0.610887
2.378141 0.247364
0.972088 -0.790559
2.093424 0.630816
0.147371 0.051453
-1.050109 1.576811
-0.897229 0.363401
-0.558141 -0.219234
0.537532 -0.611500
1.212834 -0.696728
-1.545528 -0.546474
-0.302073 0.474471
-1.118587 -0.229545
-1.268775 0.872612
-0.497977 0.065055
0.517260 -1.401832
-0.709846 -0.203238
1.391395 0.290932
-0.761400 -0.576625
0.254455 -0.305413
-1.012578 1.080344
-0.413475 1.988822
0.037998 -0.725751
-0.362278 1.858878
-0.978647 0.660783
-1.644157 -0.741014
0.241006 1.551108
0.459208 -1.270299
-0.959859 1.631975
-0.189499 -0.032126
0.276531 1.065293
0.284008 -1.002750
2.553586 0.149679
-1.042922 -1.579234
-0.462983 0.256399
-0.633197 -1.583657
-0.773200 0.362384
1.241432 0.022975
-0.198388 -0.577571
1.319071 -0.411199
0.479357 0.955603
1.631561 0.244621
-0.859836 -1.769442
1.243116 -1.005587
-0.304737 1.754702
0.508818 -0.786520
-0.132994 1.370638
0.296669 -0.689250
2.150129 0.345341
1.243025 -0.631612
-1.462272 0.717663
0.440331 -1.503844
1.109504 0.779331
0.846986 0.602538
0.503894 -0.369232
-0.084100 -1.002442
-0.611851 -0.324154
-0.801849 -0.122735
-0.726281 0.399672
-1.269824 -1.531090
-0.479638 0.625346
0.628220 -1.334301
-1.489226 0.679232
-1.419249 -0.328202
-0.489302 1.969228
-0.276506 2.004718
1.141837 -1.154463
-0.696092 0.295392
-0.386697 -0.869361
-1.513611 -0.996597
1.031461 -0.842754
-1.551990 -1.088816
0.074221 -1.553564
1.168451 -0.826425
-1.233335 -0.653514
-0.021316 -1.333994
-1.543205 0.736584
1.615647 0.140896
-0.352400 0.902828
-0.563449 0.298583
-0.442732 2.252518
1.245076 0.144956
-0.980006 1.106244
0.298245 -0.293888
-0.223033 -0.919604
-0.400877 0.674247
-0.658529 0.348085
-1.063803 -1.068268
-1.436299 -0.998924
-0.166440 1.368087
0.165301 0.827712
0.526986 0.224981
0.137157 -0.731193
0.128293 0.607388
0.152811 1.145633
2.243513 0.542242
-0.276405 1.110032
0.440640 -0.277382
0.540267 -1.035746
0.238075 -0.386613
-1.170835 0.023176
-0.657138 1.105268
-0.399206 -0.471711
-0.345591 -0.238603
-1.234166 -1.492819
0.528305 0.003325
-1.283609 -0.634731
-0.348791 -0.345302
-1.636924 -0.641905
0.154207 0.649502
1.301827 -0.108303
-1.210668 -1.398361
-0.924579 0.021004
-1.305016 0.847077
0.352965 0.153292
-0.978666 1.653185
-1.458025 -0.154680
-1.436457 -0.550205
-0.468742 2.268890
-0.275138 1.036753
1.264734 -0.422753
1.276677 -0.010939
-0.876703 -1.677989
-0.091739 1.455054
0.634713 0.380587
-0.493565 1.604691
-0.413895 2.169773
-1.318167 -1.257894
-0.827440 -0.885363
0.194015 -0.118407
1.610479 -0.329573
1.230206 -0.105027
-1.345866 0.630610
-1.251130 -0.332901
1.171183 -0.704822
-0.702799 -0.789805
0.306436 0.887339
-0.252033 -0.188060
2.533123 0.166288
0.498161 1.051846
-0.892572 -1.583649
-0.979024 -1.582518
0.598055 -1.395066
0.396428 0.110314
-0.377481 -1.100923
0.521557 -0.329268
-0.060562 0.809373
-0.676604 1.220854
-1.015011 -0.666598
-0.229513 0.787905
-0.800685 0.473565
-1.508301 -0.360018
2.183435 0.719376
-1.276717 0.611736
-0.366502 1.778197
-0.379165 1.827247
-0.458023 -0.895448
1.430720 -0.170474
-0.299794 0.817649
-0.982672 0.307605
-1.292538 -0.082299
-0.762309 1.334345
1.139863 -0.498529
0.754297 0.138287
-1.283870 -1.343433
1.518850 -0.091266
-0.717160 -1.529995
0.734695 -0.863426
-0.282979 -0.121830
-0.430328 0.358893
0.478381 0.395903
0.505741 -1.081312
2.112105 0.649003
1.348154 -0.809712
0.725430 -1.357147
-1.028343 -0.040943
-0.200225 1.645986
-1.380003 -1.020287
-0.394489 -0.390439
-0.979493 -1.029046
0.274530 1.337059
-0.740218 -1.221867
-0.500263 -1.638779
-0.487484 0.569529
0.068304 1.493353
2.185262 0.416938
-1.101580 -0.588267
-1.170889 -0.391445
-0.936253 0.055295
0.334121 -0.824147
-0.382692 -0.290539
0.084853 -0.741564
-0.474050 -1.225756
-1.407260 -1.175290
-0.750030 1.239472
1.496244 0.153701
0.257258 0.723127
-0.808771 1.682944
-0.685546 -0.311557
0.136079 0.911714
-0.775090 1.208538
0.523555 1.018372
1.638206 -0.349768
1.376788 -0.211475
-1.199287 0.276123
-0.013789 -1.380544
-0.353178 -0.373141
-0.497084 2.246585
1.173200 -0.605950
1.165753 -0.556754
0.379803 1.365608
0.403819 -0.216155
0.455924 -0.991053
-0.015915 -1.429260
0.067169 0.885829
-0.419632 -0.925762
0.400310 -1.299169
-0.158893 0.277531
1.317968 -0.765159
-0.007938 -0.703237
1.353903 -0.295661
0.624049 -1.428799
0.919599 -1.090888
-1.338775 0.516110
-0.245798 1.938553
-1.120333 -1.083387
-0.659205 1.561316
-1.156624 0.840375
-0.347607 0.447361
-0.227846 0.257491
1.497045 -0.559554
-0.837694 -0.587756
0.655395 0.559193
-0.478240 -0.023467
0.199591 -0.951263
-0.377701 -1.448091
-0.255591 2.133985
0.077989 -1.572276
1.325803 -0.726282
-0.046140 1.643663
-1.084486 -1.572596
-0.220189 2.081667
0.743571 0.893856
-1.245926 0.604218
-0.239164 0.687734
-1.662070 -0.382132
0.141189 0.637496
0.229768 -1.658914
-0.466232 -0.514502
0.431868 1.386817
2.587561 0.047943
0.611972 -0.049752
0.512933 0.182410
1.253010 -0.358746
-0.548856 -1.545981
1.595147 -0.367584
0.849618 0.982884
0.323600 -0.368470
-0.672234 -1.396202
1.078230 -0.441341
1.136324 -1.021684
-1.376930 -0.558057
-1.611791 0.823235
1.059509 0.803057
0.575352 0.667873
-0.236164 1.993649
-0.351913 -0.950798
-0.638487 0.867338
0.358615 1.028353
0.071860 -1.367067
0.134116 -1.641106
-1.244843 -1.496432
-0.423491 0.043717
-0.396930 -0.531821
0.607035 0.800586
0.943388 0.881388
0.429253 0.905941
-1.208649 0.744930
-0.973289 -1.279690
-0.871317 -1.206387
1.096349 -0.763476
1.003086 -1.315688
-0.135183 -0.925748
0.292086 -0.904465
1.469689 0.085185
0.281662 0.121496
0.904744 0.997606
-1.366195 -0.517199
-1.661569 -0.679134
1.474826 -0.530675
0.245418 -1.141161
0.548720 0.387216
0.798423 0.811820
0.015471 0.034568
0.056665 -1.664329
-0.378089 -1.535187
-0.160761 2.048948
-0.556419 -1.557231
-0.336392 0.333289
-0.081498 -1.708069
-1.124420 0.127716
-0.186282 -0.089276
0.726932 0.369244
0.584595 -0.940894
-0.511334 -1.401518
-0.587146 -0.995057
0.929156 -1.340162
-1.306372 -1.128958
-0.955332 0.577077
-0.339651 0.369162
2.111274 0.681912
0.333520 -0.692233
-1.007357 -1.191669
-1.218527 -1.043753
-1.361662 0.848357
0.395660 -1.549381
-1.389532 -1.077793
-0.864178 1.375838
-0.146205 -1.665774
0.154404 0.886019
0.652805 0.835839
-0.989575 1.049758
0.155435 1.569509
-0.781821 -0.508942
-0.257888 0.113314
-1.113542 0.607082
0.538257 -0.181453
-1.311970 0.725850
2.579785 0.103100
-0.868699 -1.093629
-1.199002 0.691314
-0.021476 1.087955
-0.740038 -1.124558
-1.668597 -0.450960
-0.793329 0.548997
-0.254960 0.128243
2.339176 0.093088
-0.313099 0.999463
-0.390011 0.741411
0.000313 1.153516
2.714438 0.086835
-0.360822 -0.565744
1.223814 -0.261617
-1.198329 0.502812
-1.386662 0.720954
-1.416219 -0.727552
0.279123 -0.443672
0.799821 -1.373009
-1.410969 0.388791
0.436389 -1.151147
0.693266 0.547367
-0.138973 -1.347607
0.278786 -1.631349
-0.636339 0.379411
-0.439496 -1.185753
-0.697927 0.956585
-1.022926 0.689148
0.257765 -0.892941
-0.495513 2.076387
1.123734 0.384486
-0.641601 -1.014704
-1.247910 -1.599305
-0.023574 -0.964807
1.164154 -0.720544
-1.003853 1.000584
0.650272 0.534013
0.771647 -0.238324
1.248410 -0.652843
0.977850 0.910774
-0.245643 -0.157691
-0.335395 1.997662
0.165821 -0.915137
2.142108 0.657535
-1.404721 -1.261291
-1.535479 -0.126773
0.684491 -0.928994
-0.456774 2.152218
1.139626 0.180387
1.003242 -0.380372
1.402241 -0.152754
1.036256 0.210177
-0.050775 1.752322
1.652341 0.278300
0.006680 -1.189427
2.142836 0.629506
-1.162772 0.422063
0.840764 -1.230734
0.632570 -1.176591
0.004350 -0.995561
0.551042 0.919968
-1.453677 0.932516
0.009290 -1.301264
0.642708 0.142808
-0.164773 0.540762
-0.871249 -1.619945
-0.161260 1.578139
-1.257644 -0.109545
1.111778 -1.105634
1.372028 -0.282079
0.551077 -1.475243
-0.726426 1.573625
-0.524927 0.781282
-0.799041 1.003306
1.200916 0.057403
-0.426198 1.032753
2.175930 0.705425
0.901639 0.620580
-0.272339 0.265132
1.507095 -0.655017
-0.477719 -1.004989
0.986292 -0.641288
1.089776 0.763884
0.001977 -1.154861
-0.852658 -1.122076
-0.279752 1.895878
0.141723 1.600361
-0.187173 0.523051
0.283052 -0.414989
1.137928 -0.798959
0.030626 -0.773514
-1.257386 -1.459264
1.170711 0.345303
-0.931577 0.651890
-1.063674 -1.314970
-1.023794 -0.715340
-1.120734 0.082697
-1.479208 0.869081
1.018813 0.107211
-0.387959 2.131192
-0.724557 -0.216202
0.373547 -0.061678
-1.213078 -1.515153
-1.137588 0.375191
-1.281608 0.742441
-1.116313 0.568452
0.138257 0.117889
0.392525 1.538538
0.432413 0.232642
-1.381307 0.848939
-1.370909 0.929359
-0.044855 -1.552215
-0.466642 1.303066
-0.520369 -0.898843
-0.988762 -0.204412
-1.324986 -0.803509
-1.464099 0.621120
-0.957562 -0.744208
-0.669284 -0.732303
1.266764 0.088013
-1.034249 0.588064
-0.417197 -1.306032
0.054903 1.138668
-0.285769 1.829559
-0.190025 0.822991
-0.865983 0.459010
-0.636858 1.165819
-1.246729 -1.141236
-0.024472 -1.135141
-0.625136 1.262703
-0.964153 -1.680320
-0.218307 0.813788
-0.212819 -0.473026
1.432995 0.237995
-0.243843 0.324054
-1.111973 0.682498
-1.321197 -1.236354
0.955086 -0.063156
0.524274 0.944283
0.159410 -1.104161
-1.141204 -0.659413
-1.241740 -0.671225
0.038900 1.375962
-0.912968 -0.783895
-0.625809 2.045388
0.983427 -0.362427
-0.393135 -0.407394
0.111177 1.390700
0.279019 -0.011533
0.200489 1.453764
-0.739891 1.548308
-1.403647 -0.206806
0.381132 -0.986652
-1.343954 0.813284
-1.585593 -1.002685
2.754464 0.013280
-0.430928 2.136836
-0.655339 -1.498762
-0.166292 1.452022
0.137190 -0.568143
-0.348815 1.711185
-1.031177 0.278111
-0.775268 1.114552
0.099459 0.681590
-0.532487 -1.369673
2.796576 -0.006821
0.298447 0.960191
0.054667 -0.689046
-0.789987 1.253898
-0.258758 1.702764
-0.129809 -1.434182
0.789937 0.999371
0.268698 0.755003
-0.195171 0.573818
-1.075000 -1.206580
0.075882 -0.708899
0.443887 0.418368
0.202863 1.353747
-1.639900 -0.410109
1.240423 -1.054675
0.229421 -0.160617
-0.765568 1.466877
2.526691 0.096150
-0.581541 1.615566
1.022782 -1.037018
-0.452276 0.552128
-0.400379 0.748351
-0.202850 1.096641
1.290915 0.110805
0.517809 -1.375645
-0.494642 -0.811332
0.606047 -0.745359
-0.318248 0.651345
0.508449 -1.064560
-0.052723 1.689578
-0.434336 -1.487476
2.106706 0.582630
-0.368173 -1.225776
0.636416 0.718867
-0.816925 1.623590
-0.345830 1.654213
-0.655064 -1.442757
0.062473 1.198296
-0.401225 2.194449
-0.840676 1.214951
0.716380 0.357770
-1.505706 0.766003
1.203603 -0.652499
2.175253 0.448909
-1.363299 -0.781107
-0.935323 -0.292133
-1.432658 -0.660903
-0.308054 2.189002
0.828231 -1.103333
0.147464 -1.706910
0.467409 -1.203834
1.363002 -0.792862
0.636357 0.173309
-0.896834 1.617455
0.358202 1.571994
-1.225547 0.637102
-0.477279 1.834039
-0.677169 1.535776
-0.185660 0.285908
0.217742 -1.696401
0.315600 0.912276
-0.292379 -0.583057
0.165019 1.494305
-0.824895 1.159188
1.009537 -0.731674
0.563408 -0.363039
1.312020 -0.337822
2.657474 0.195375
-1.399419 0.980455
0.797703 -0.693615
-0.877453 1.169026
-0.737198 -0.951134
0.852001 -1.263660
0.712672 -0.886591
0.441136 -0.949847
2.542523 0.054234
-0.838351 -1.285792
-1.335181 0.509169
-1.588117 -0.407874
-0.798757 -1.040052
0.873003 0.834914
-0.733407 1.041398
-0.089539 0.833904
-0.651560 -0.927256
0.859934 -1.542557
0.167529 0.063306
-0.385574 -1.474885
0.338820 1.457399
0.288348 0.680206
-1.167074 -0.553082
-0.508233 -1.155858
-0.953547 1.011822
-0.273036 0.689943
-1.527380 -0.531300
1.024625 -1.108787
2.147943 0.610700
-0.504175 -1.090064
-0.187965 0.755373
0.400319 -0.878719
-1.337447 -0.236767
1.112160 -0.243398
0.341402 0.740375
0.775228 1.019150
0.771891 -0.841931
-0.552001 1.498546
0.761280 0.720739
1.426912 0.199135
-0.583938 0.429962
-0.863489 -0.788789
-1.107159 0.358027
-0.474336 -1.646842
-0.143356 -0.884461
1.153683 -0.783551
0.830938 0.717782
0.486631 -1.571606
-0.292742 -0.410226
0.059753 1.564535
2.683988 0.095680
0.316339 1.289155
0.912650 0.834541
0.488501 0.685508
-0.319896 0.306975
1.485759 0.113423
-0.498353 2.138727
-0.312698 -0.026223
-1.595673 0.867017
1.158216 -0.455688
0.342095 0.254385
-1.603449 -0.724967
-1.736553 -0.546376
1.217372 -0.069463
1.495381 -0.308345
1.173321 -0.856930
-0.335206 -0.303476
-0.411894 2.054739
0.410500 1.448658
-0.499649 -0.145596
1.398733 -0.667315
0.551211 -0.254947
0.094103 0.855669
0.556550 -1.101806
-0.171783 1.326766
0.456489 -1.285273
-1.439017 -0.759095
-0.156311 -1.747380
-1.275720 -1.444293
2.230630 0.391972
1.282281 -0.446822
-0.039569 -1.283771
-0.065947 1.281035
-1.568799 -1.122649
-1.002808 -1.464476
-1.204744 0.286606
0.234121 -1.425579
1.210895 -0.283609
0.364734 1.446198
-0.559582 0.055093
1.249727 0.249506
2.678845 0.023756
1.612970 0.271407
-0.843340 -0.501656
0.124291 1.333266
-0.356098 -0.281697
0.902620 -0.265952
-0.751336 -0.296111
-0.324705 2.160346
0.020169 -0.980981
-1.474694 -0.573624
-0.209637 1.884240
0.263669 0.590265
1.184086 0.169212
0.188029 1.130624
-0.939290 -0.819959
0.407654 -0.800516
1.345548 -0.051871
0.214109 -0.162200
0.270442 -1.338498
0.215471 -0.576799
-1.039266 -1.312389
0.900994 0.794494
-0.402056 -1.557113
1.616214 -0.419403
0.604011 0.739517
0.200761 -0.432452
0.867828 0.815945
0.310326 1.474198
0.091230 -0.723887
-0.298608 -1.625301
0.908488 -1.377653
-1.356254 0.767164
-0.330750 -0.489902
-1.118427 0.836725
-1.426069 -0.386840
2.202539 0.245807
-1.708349 0.800197
-1.039849 1.593942
0.977509 -1.407869
1.293789 -0.997571
2.209321 0.558600
-0.653571 -1.357751
1.480319 -0.039152
-0.138778 1.810454
0.635635 0.749406
0.811745 0.977797
-0.609728 0.955447
1.047930 -0.371096
0.466871 -0.076026
0.251800 0.840041
1.308181 -0.374703
0.584790 0.638305
0.498725 -0.416546
-0.343392 0.966007
-0.602735 1.198314
-1.623885 -0.444195
-0.896934 -1.713698
-1.553214 0.720160
1.595643 -0.435988
-0.673146 -1.330587
0.605925 0.260191
0.401239 1.502542
-0.081526 1.796176
0.028169 -1.321938
0.718234 -0.765979
-0.744819 1.698323
0.383488 1.061767
-0.496116 1.920405
0.673156 0.960005
-1.208680 -1.233003
-0.126845 0.981109
0.323674 0.848559
0.527068 0.413899
-0.512614 2.182353
1.359080 -0.423544
0.265918 -1.651800
0.752690 -1.415382
1.752725 -0.534880
-1.340991 -1.342374
-1.322319 -0.010132
-0.976538 0.630858
-0.597025 0.050372
0.991188 -0.294217
2.535863 0.027390
0.097468 -1.615084
0.067661 -1.042100
0.638655 0.807210
-0.788125 1.703811
0.298804 -0.394818
0.922111 0.863425
-0.647920 -0.362071
0.500470 -1.194235
1.130094 -0.468315
0.820895 -1.428140
-0.302081 1.065656
0.392363 1.021208
-1.493510 -0.720841
2.471032 0.099750
1.562775 -0.449173
2.302363 0.290743
2.182929 0.281902
-0.080636 -1.522312
1.532911 0.065746
2.004325 0.695550
-0.285979 0.617086
-0.410296 -0.427699
0.204606 -0.342941
0.914779 -0.319273
0.137035 1.378878
2.538377 0.084889
1.034583 -0.488236
-1.110919 -0.270701
-0.299731 -1.449827
0.970515 0.092810
2.631512 0.077177
-0.182759 1.659598
-1.534267 0.783940
0.774696 -0.605558
0.203113 1.090804
0.146238 -1.392960
-0.639670 -1.535193
-0.198173 0.611230
-0.559080 -0.885817
2.129559 0.521753
0.378548 -0.731568
0.277829 -0.798496
-0.746552 1.510078
0.239046 1.380687
-1.649931 0.779927
0.178576 1.612508
-1.648974 0.881664
-1.408646 1.001701
-0.272842 -0.255683
2.207234 0.291226
0.717867 0.820380
0.088440 -1.310143
-1.123666 -0.095853
-0.768819 -1.393212
1.126092 0.061059
0.095999 -1.690109
-1.167722 0.466572
0.268641 -1.437564
-1.114361 -1.170181
0.590342 0.125414
1.580032 0.092748
1.386176 -0.943619
-0.579642 0.936059
-0.433625 2.084929
-1.523526 0.418053
1.020282 0.087711
0.160045 -1.374809
-0.362450 0.973941
0.111145 -1.038563
1.212913 -0.023930
-0.568870 1.329268
-0.600108 1.220957
-0.186088 0.489544
0.012595 -0.755746
2.774702 0.045324
-1.769487 -0.480078
-0.469135 2.028017
-1.053740 1.637715
0.506957 0.930140
0.104160 1.490258
1.080001 -1.072844
0.744837 -1.456928
1.533821 0.075638
-1.313597 -1.471175
-1.647175 0.910554
0.090738 0.802951
-0.426537 0.279147
-0.075643 -1.357557
0.963182 -0.089012
-0.353849 0.562839
-0.667506 2.035218
-0.110774 1.604357
-0.240505 -1.682812
-0.842471 1.324571
-1.474108 -0.133056
-0.395006 0.450739
-0.624686 2.070023
-0.297517 1.848932
-1.414532 -1.162725
-0.277657 0.086482
1.408757 -0.192238
-0.759829 -1.563616
-1.067590 0.344376
2.101883 0.702722
0.226560 1.490859
-0.740015 0.351058
-1.297750 -0.026424
0.396981 0.151904
0.464005 0.992682
2.253792 0.357576
0.507733 -0.868809
0.778271 -0.265073
-0.373850 -1.296616
-0.651326 -1.199079
0.435575 -0.774780
1.176252 -0.009667
-1.062582 0.676269
-0.326594 -1.437768
0.573095 0.457833
0.708598 0.553038
-0.029459 -1.546335
0.497287 -0.116576
-1.328687 -1.055711
-1.079526 -0.703284
1.525892 0.121554
-0.679795 -0.966878
0.558333 -0.697223
-0.381754 -0.498438
-1.512233 -0.609565
0.472684 0.898133
1.265980 -0.076809
0.791784 -1.066292
0.392922 0.299167
-0.402187 1.876943
1.297150 -0.505927
1.139896 -1.103657
0.463674 -0.350059
0.630601 -0.875682
-0.718216 -1.245669
0.180372 0.866836
0.677147 -0.911936
-1.428500 -0.085615
1.117134 -0.253036
-0.552010 1.224409
0.207503 -1.443300
1.313666 -0.738961
-0.345823 -0.119124
0.556637 -0.643056
0.042770 0.830882
-0.148310 1.100098
-1.429428 -0.266803
0.301139 -0.039065
-0.513681 -0.129845
-0.120971 -0.961699
-0.663065 -0.712981
-0.545259 2.056180
-1.520019 0.881119
0.485356 -0.495135
0.960645 0.873635
-0.854906 1.674804
0.786376 0.060079
0.293308 0.698988
0.907026 0.587885
-0.477744 -0.956101
0.875302 0.945370
-0.021838 1.003560
-1.306774 -1.540722
1.417634 0.006309
-1.075822 -1.020134
-0.407550 1.766057
-0.852464 -0.538103
-0.879621 1.351003
-0.546207 -0.929448
-0.750490 0.989759
-0.343580 1.918348
-0.398273 1.673633
-0.394754 0.278713
1.727415 0.206722
-0.763475 -1.086715
0.249902 -0.824573
-0.747739 -1.596445
1.148423 -0.654328
2.225914 0.656820
-1.635868 -0.827099
-0.945353 -0.103737
0.482844 0.258264
-0.173635 1.003951
0.349468 0.205392
-0.598828 1.300488
0.277096 -0.451546
1.325571 0.018493
0.827131 -1.357277
-1.334080 -0.315695
-1.020172 0.396928
-0.630470 -1.568542
-0.146880 1.034812
-0.591940 -0.950785
-0.393865 1.585003
2.205626 0.607675
0.551319 -0.870913
-0.324634 -1.475639
0.525102 -0.564031
0.993680 0.013374
-0.334878 1.630503
-0.654633 -0.262438
-0.241793 -1.486059
0.452228 -1.444301
-0.292937 1.975069
1.494737 -0.010648
0.130343 1.219687
-1.531203 -0.747316
-1.168946 -1.269276
0.122319 0.039254
2.669094 0.211582
-1.470377 0.795749
-0.358682 0.696122
1.270918 0.281004
-1.427947 0.386059
-0.423489 -0.779629
-1.842775 -0.513872
1.143159 -0.304428
0.018429 1.250296
0.492615 -1.323459
-1.093493 -0.302295
0.435473 1.358563
-0.467826 2.246568
0.890510 -1.435472
-1.074749 -1.263374
-1.155497 0.001371
0.101071 -1.209114
0.570441 0.701918
0.732500 0.908309
-0.007296 1.348868
0.172311 -1.322003
0.595073 -1.361410
-1.308339 -1.329859
-0.849774 -0.739635
-0.325571 -0.145873
0.483775 -1.424040
0.925057 -0.400625
0.155278 0.147021
-1.177756 -1.008161
1.251288 -0.839760
0.710374 -0.210855
0.500917 0.037525
-1.511754 -1.015732
0.546044 -0.516682
0.496778 -0.220960
0.247226 -0.267002
-1.295368 -0.210272
1.414758 -0.525558
0.253255 -1.059720
0.546475 -0.014955
-0.528413 0.640801
0.116775 -1.320337
0.177014 -0.984334
1.610758 -0.396408
-0.417203 -1.504940
0.899783 0.016744
-0.583435 -0.917677
-0.270259 0.298071
-0.288298 1.493366
-0.368049 0.576886
-0.865933 0.383606
-1.195305 0.536774
0.429287 -1.583885
2.506301 0.056179
0.199718 -0.314562
-1.480912 0.407034
-1.302353 0.768085
0.912334 -1.068057
0.573931 -0.151365
0.939177 -0.357212
-0.383379 1.337359
1.148190 -0.670528
-0.835401 0.328755
0.413542 0.338028
1.317548 -0.932315
-0.758086 -1.207011
-0.569440 2.034139
-0.803825 -1.548261
-0.243741 1.857541
-0.029895 -1.658121
1.320747 0.069409
-0.597395 2.096217
-1.688655 0.847799
-0.322171 1.697179
-0.409648 0.617345
0.184775 -0.803785
1.474924 -0.118138
2.404118 0.179307
0.293682 1.502957
-1.507461 -0.660411
-0.880717 -0.289107
-0.621608 0.123017
-0.875614 -1.046398
-0.320026 1.894689
-0.244931 0.537103
-0.421878 1.755043
-0.329139 -0.517890
1.515148 -0.505461
-1.450292 -0.452185
0.090658 -0.562830
1.219223 -0.138748
0.540008 -1.546112
0.782011 -0.230679
-0.266820 0.320273
0.474278 0.324878
0.819532 -1.405339
-0.449337 0.632693
1.225255 -0.429297
0.462705 -0.396258
-0.501490 0.692005
-1.771009 -0.453223
0.372882 -1.254290
1.451917 -0.008804
1.430841 0.285166
-0.020315 1.504968
0.432903 1.419153
-0.865207 -0.054266
0.567549 -0.763530
0.239356 -0.201504
1.132731 0.729191
-0.939513 0.420950
-0.811873 1.140327
-1.435924 0.961782
-1.106635 -1.399172
-0.441172 0.469063
0.590204 0.416617
0.528431 -1.512687
-1.581735 -0.972625
-0.798219 -1.629544
0.331646 0.700826
0.108341 1.461195
-1.620929 -0.352980
0.941894 0.055629
0.095068 0.924738
-0.280247 2.115524
0.411565 -0.355663
-0.972981 -1.545251
-0.236200 2.127278
0.144161 1.422921
-0.829239 1.736010
0.257791 -1.670008
1.201829 -0.802893
0.479852 1.452302
-0.170342 1.850430
-0.536768 0.258968
-0.396804 0.123744
-0.546867 1.999506
1.405665 -0.744695
-0.415461 -1.228476
0.495585 -1.276549
-1.458017 0.778300
-1.076169 1.168930
0.578679 0.952883
-0.082190 -0.032054
1.254380 -0.971624
-0.576236 0.079659
0.484316 0.224531
-0.001851 1.687821
-1.219070 -0.012794
0.590567 -0.515026
1.572140 -0.045849
-0.771136 -0.805692
-0.712009 -1.267868
2.583133 0.027288
-1.395174 -0.771907
-1.007393 1.623417
-0.460013 2.067931
0.050014 -1.158226
1.215737 -0.301705
0.753614 -0.711607
-0.833518 1.519681
-0.049911 -1.254846
2.185467 0.303881
0.479312 -0.254341
0.765191 -1.546244
-1.048421 1.185257
-0.130403 -0.517299
-0.582185 -0.326288
-1.543198 -0.608314
-1.096051 0.261723
0.861383 -0.722560
0.014218 1.210254
-0.870509 1.698779
-0.928331 1.665889
0.575490 0.990700
0.051889 1.079285
1.275155 -0.125462
1.029105 -1.380731
-0.552211 1.601572
-0.448276 -0.404669
-0.077253 -0.916390
-0.036486 1.236042
-0.913384 0.688227
0.100382 0.892248
-1.331242 -0.761580
2.718806 0.136065
1.742096 0.251316
-1.342178 -1.174647
0.972071 0.825123
1.381896 -0.730027
1.720937 -0.394091
-0.978826 -0.287679
1.251944 -0.947580
-0.729219 -0.480403
0.672407 -0.122690
-1.393110 -0.102382
0.594765 0.432490
-1.561570 0.383402
0.730493 0.346441
0.140284 -0.676758
2.225270 0.685592
2.655909 0.164649
-1.060678 0.628333
-1.243873 0.828594
-0.005087 -1.695943
0.528926 0.826959
-0.860078 -1.101103
-0.776855 -0.266905
1.469092 -0.479163
0.722261 -1.278734
-0.699786 -1.278493
0.853547 0.876817
-0.728867 0.953648
-1.249995 -1.303388
-0.310478 -1.510133
-0.536256 1.282007
0.477556 0.347860
-1.460405 -1.077126
-1.093950 -1.118261
0.898889 0.561685
-0.297477 0.582341
-1.350421 -0.058403
0.689442 -1.259061
-0.321066 1.539520
-1.563210 -0.926956
1.026989 -1.424412
0.911146 -1.409925
-0.772893 1.634864
-0.341141 1.950540
2.690101 0.125767
-0.114224 0.791203
0.149172 -1.675807
-0.507587 -0.013068
-1.428993 -0.935732
-0.415670 1.917657
2.344570 0.169573
0.251661 -1.393031
-0.833236 1.420624
-0.765125 -1.076329
0.980172 0.793589
0.327046 0.355409
0.327209 0.280455
-0.768383 1.131448
-0.370502 1.734609
-0.523541 2.012770
-0.138739 1.244096
-0.867364 1.121883
0.217750 -0.982964
-0.349215 -1.119472
0.107581 1.205346
1.233153 -1.020895
-1.351119 0.954876
0.126319 1.532805
1.016795 0.331095
-0.826051 1.454544
0.628824 -0.279761
-1.479340 -0.963404
-0.431509 0.763454
1.105947 0.354597
-1.589724 0.888880
0.484071 -0.146645
-0.954619 0.378533
1.414308 0.172924
-0.692632 1.636497
-1.003628 -0.637436
2.249170 0.704840
-0.686959 -0.331868
1.445408 0.129203
2.767582 -0.012979
-0.560500 2.110971
0.007807 1.429384
-0.407946 -1.117794
-1.558568 0.381378
-1.303254 -1.382903
0.641606 -1.473066
2.198751 0.492723
0.418246 1.523490
-0.907263 -1.736307
-1.429107 0.708977
0.597850 -0.651226
0.135184 -0.084893
-0.297423 -0.425988
1.536032 0.156647
-0.282187 1.091089
1.238435 0.168720
-1.337781 -0.136101
1.088907 -0.846072
-0.270128 0.488926
0.119692 -0.995474
1.031660 -1.453180
-0.231950 0.097080
-1.442171 0.353040
-1.714838 -0.504671
1.093883 -0.669481
-1.317601 -0.702308
0.082521 1.649935
0.813522 -1.468131
0.823725 1.018265
-0.386815 2.025901
-1.148407 -1.485790
0.667983 0.571028
-0.621639 -1.524467
-0.193800 0.934065
-0.399177 -1.136121
-0.838719 -1.782294
-0.009300 -0.732249
-1.455255 -0.615712
-0.812759 -1.583811
0.946227 0.139541
0.581475 0.851623
0.692470 -1.014130
-0.526451 0.787697
2.064613 0.582073
-0.025305 1.449325
0.291075 0.645524
-1.228233 -0.161054
1.082748 -0.836185
-0.130794 -0.493401
0.851389 0.113568
-1.466814 -0.707780
1.476556 -0.634529
-0.944754 -0.087808
-0.843614 0.987802
0.509701 -0.909035
1.055755 -0.690315
-1.107399 -1.329641
-0.477017 2.102226
-1.460388 0.749220
-1.419844 -0.110092
0.033230 1.714727
-0.362705 0.347300
-1.111794 -1.048893
-0.197052 1.613636
1.569425 -0.081037
2.747780 0.055572
-0.872779 -1.569361
0.430951 -0.398376
0.184454 1.082405
-0.493790 -1.221881
0.133029 -1.196151
1.018033 -0.064431
0.574686 0.649607
-1.012483 -1.231804
-0.532910 2.150025
-0.278885 0.794511
0.076083 1.111652
0.990669 -1.127226
-1.043911 0.384776
2.657678 0.236161
-1.112973 0.507651
2.572322 0.214783
-0.874718 1.476779
0.532879 -1.429781
0.103976 0.129267
-1.192590 -0.586101
0.368669 -0.121744
0.660681 -0.615639
0.574423 -0.486592
-1.269041 -0.314832
-0.273478 0.541205
1.746968 -0.538499
-0.721262 -0.579701
0.456583 -0.799498
0.169644 0.592843
0.164344 1.306536
-1.304410 -0.571650
-0.829829 -0.476114
1.242857 -0.551475
0.565629 -0.887319
-0.900460 1.587871
0.675968 0.764599
2.591908 0.170384
1.507314 -0.583588
0.592974 -1.084430
-0.706050 -1.385994
-0.533451 1.647733
-0.584204 1.250428
-1.238867 0.534957
-0.574598 -1.478781
-0.856884 -1.771846
-0.562848 -0.131782
0.744247 0.711419
-0.349264 0.838195
-0.509245 -1.102139
0.206699 0.564168
-1.354326 0.593992
1.213779 0.205432
0.626919 0.937027
0.467661 -1.471132
0.977174 -0.040360
-1.684099 -0.485036
0.133733 -1.051978
-1.038872 -1.412431
-1.199834 0.621919
-1.285944 -0.999506
-0.103780 1.127564
1.546151 0.184942
0.461026 -1.399189
-1.549827 -0.956903
0.352647 1.061704
2.425120 0.269740
-1.019922 -0.063639
-0.695758 0.486702
1.088119 -1.007511
-1.440124 -0.218659
-0.687232 -0.270895
2.648871 0.131967
-0.222502 -0.106587
-0.362009 1.801508
-0.094948 1.774918
-0.836137 0.688640
-0.340624 0.121509
0.094042 1.149181
2.022943 0.608228
-0.594011 1.771093
1.188734 -1.125289
0.679166 -0.301165
-0.488918 -0.116694
-0.448316 -1.552629
-1.410960 -0.246338
-0.189688 2.071863
-0.470948 -1.424212
1.086582 -0.452068
-1.099907 0.709626
-0.867967 -0.509739
0.028692 -1.217145
0.658113 -1.379481
-1.019149 -0.115542
-0.431415 -0.332546
0.716890 -0.830266
0.797626 0.930891
-0.968647 1.602835
1.357955 -0.625096
-0.674285 0.325945
-0.760783 -0.828511
0.172428 -1.424395
-1.714545 -0.464748
0.639963 -0.364938
-0.225292 -0.532416
-0.201139 0.128797
-0.085267 -1.335528
-0.965029 -1.556159
-1.226465 -1.268565
2.236779 0.494546
-1.606064 -0.875363
-0.536093 0.041582
-0.377916 1.957571
0.138584 -0.348787
