0.393235 -1.087777
-0.930481 1.221019
0.491979 -1.501210
-0.631841 1.497075
1.481602 -0.828875
-1.736914 0.658552
1.114167 -1.005112
-0.051415 0.621952
0.788368 -1.049685
-1.733788 0.335729
-1.958140 0.817698
-0.979263 0.697575
-1.914458 0.773115
-0.003823 0.360042
0.656113 1.269498
-0.468977 -1.263114
-1.375700 0.572956
-0.815433 0.808515
-1.474034 0.331405
0.601671 0.739508
-0.840579 1.354950
-0.242051 -1.440904
-0.723337 0.568467
0.473821 0.743865
-1.746753 0.563753
-0.539862 0.746692
0.254816 -1.172612
-0.032727 0.158287
-1.481827 0.577249
1.069492 -1.027620
1.252443 -0.740827
-0.740171 -1.431568
0.710868 1.134315
0.179764 -1.195093
1.574811 -0.815416
0.219816 -1.507379
-0.514806 0.507051
1.403014 -0.828167
1.224712 -0.964802
0.744937 -1.193280
0.652163 -1.137059
1.654319 -0.522588
0.316291 -1.432281
-1.196176 0.565370
1.012262 -0.836188
0.114034 0.401601
0.585643 1.258818
-0.288160 0.540654
-0.804610 1.434296
-0.487761 1.524793
-0.152439 0.498976
1.536184 -0.856890
0.331477 0.642988
0.241954 -1.473300
0.162277 0.490428
1.904575 -0.328287
-1.650810 0.581121
1.747734 -0.511891
-1.670884 0.667923
1.056213 -0.917076
-0.324316 1.622707
-0.379483 1.624194
-1.055201 0.494570
-0.759144 0.554361
-1.726245 0.756359
-0.309186 -1.248609
0.768407 -1.245514
-0.259105 0.596764
0.637736 1.222837
1.867290 -0.450668
-0.058227 -1.240255
0.585352 0.804167
0.057628 -1.561346
0.546450 0.863262
-0.351099 -1.493217
-0.067965 0.221946
-1.909119 0.643984
1.738043 -0.453833
1.705143 -0.555289
1.844479 -0.341851
0.447055 0.885483
-1.060625 1.187031
0.370765 0.929467
-0.225365 0.669420
-0.586468 -1.419622
0.706755 1.187518
-0.655536 -1.388190
-0.065278 0.406033
-0.021406 -1.348424
1.515489 -0.661697
1.110902 -0.863864
0.392224 -1.488688
-0.189822 -1.310324
0.594623 1.461035
1.639627 -0.580241
-0.119618 0.649644
-0.249560 -1.478526
0.714482 1.249555
-1.770837 0.322444
0.989104 -0.994501
0.634722 0.838257
-0.447096 -1.320086
0.519481 0.722723
-1.546020 0.356697
0.066680 0.362530
0.645140 -0.989546
-0.533813 1.577347
0.664363 1.373891
1.531580 -0.761935
-0.268308 -1.274207
0.571649 0.945592
-1.015237 0.628449
-0.747494 1.398261
0.516808 0.800711
-1.579868 0.675810
0.120855 -1.215163
0.780493 -1.110335
0.737074 -0.949954
1.887478 -0.587435
-0.070471 -1.310931
-1.525559 0.597589
-0.810741 1.173429
-0.744874 1.339751
1.939706 -0.258725
-0.165435 -1.487121
1.224420 -0.776473
0.812126 -0.987178
-0.874528 0.571763
-0.344007 0.583869
-0.549838 -1.474146
-1.084813 0.558289
1.911227 -0.418974
0.896261 -1.027691
-1.616480 0.368096
-0.916377 0.593626
-1.882483 0.670360
-0.778927 0.747861
-0.306953 0.486365
1.741044 -0.387646
1.704448 -0.639417
-0.899685 1.148655
-0.554546 1.508533
0.445173 -1.542681
-1.527312 0.400865
-0.125571 0.323681
0.357092 0.854681
-0.131588 -1.261402
-0.933983 0.689954
0.349659 -1.147762
-0.087797 0.532360
-0.282965 0.645447
-0.591726 1.563843
0.567376 1.481305
-0.067822 -1.509107
-0.015743 0.129656
-0.231416 0.444781
-0.336201 -1.307759
0.790026 -0.913184
0.496423 1.028656
-0.285351 -1.524221
0.357213 0.801491
1.770506 -0.337120
0.322495 -1.557191
0.692487 1.309497
-0.011628 0.518650
-0.887484 1.120211
-0.253198 -1.567511
-0.448160 1.570476
1.474439 -0.756576
0.441870 -1.094605
0.487561 0.921869
1.825556 -0.290865
-1.616236 0.413952
-1.828628 0.599530
-0.669358 -1.428240
-1.532512 0.297183
1.323500 -0.852856
-0.855155 0.661421
-1.036310 1.210168
-1.481820 0.476298
-0.851434 1.298649
1.451602 -0.644788
-0.498990 -1.459437
0.465467 -1.423417
-0.462873 0.515531
-0.361976 0.698919
-0.874677 1.408879
-1.628935 0.628433
0.373459 -1.460261
-0.506633 1.620085
0.702093 -1.113778
0.557826 1.061650
-0.047730 -1.378373
1.530258 -0.572792
-1.008667 0.458775
1.318805 -0.910366
-1.114500 0.490549
